#include <Adafruit_GFX.h> 
#define SCREEN_WIDTH 128 // OLED display width, in pixels 
#define SCREEN_HEIGHT 64 // OLED display height, in pixels 
#define OLED_RST_PIN -1 // Reset pin (-1 if not available) 
#define RF D7 
#define RLY D3 
#define FRAME_DELAY (42) 
#define FRAME_WIDTH (64) 
#define FRAME_HEIGHT (64) 
#define FRAME_COUNT (sizeof(frames) / sizeof(frames[0])) 
const byte PROGMEM frames[][512] = { 
{0,0,0,0,0,0,0,0,0,0,0,0,0,0,0,0,0,0,0,0,0,0,0,0,0,0,0,127,254,0,0,0,0,0,7,255,255,224,0,0,0,0,31,248,31,248,0,0,0,0,1 27,0,0,252,0,0,0,0,248,0,0,31,0,0,0,3,224,0,0,7,192,0,0,7,128,0,0,1,224,0,0,15,0,0,0,0,240,0,0,30,0,0,0,0,120,0,0,60, 0,0,0,0,60,0,0,120,0,0,0,0,30,0,0,240,0,0,0,0,15,0,0,224,0,0,0,16,7,0,1,192,0,0,3,248,3,128,3,128,0,0,255,248,1,192, 3,128,0,31,255,248,1,192,7,0,0,127,255,248,0,224,7,0,0,255,255,248,0,224,14,0,0,255,255,248,0,112,14,0,0,255,25 5,248,0,112,14,0,0,255,255,248,0,112,12,0,0,255,255,248,0,48,28,0,0,255,224,56,0,56,28,0,0,252,0,56,0,56,28,0,0,2 
24,0,56,0,56,28,0,0,224,0,56,0,56,24,0,0,224,0,56,0,24,24,0,0,224,0,56,0,24,24,0,0,224,0,56,0,24,24,0,0,224,0,56,0, 24,24,0,0,224,0,56,0,24,24,0,0,224,0,56,0,24,28,0,0,224,1,248,0,56,28,0,0,224,15,248,0,56,28,0,0,224,63,248,0,56,2 8,0,0,224,63,248,0,56,12,0,15,224,127,248,0,48,14,0,127,224,127,240,0,112,14,0,255,224,63,240,0,112,14,0,255,22 4,63,224,0,112,7,1,255,224,31,192,0,224,7,1,255,192,7,0,0,224,3,128,255,192,0,0,1,192,3,128,255,128,0,0,1,192,1, 192,127,0,0,0,3,128,0,224,28,0,0,0,7,0,0,240,0,0,0,0,15,0,0,120,0,0,0,0,30,0,0,60,0,0,0,0,60,0,0,30,0,0,0,0,120,0,0,1 5,0,0,0,0,240,0,0,7,128,0,0,1,224,0,0,3,224,0,0,7,192,0,0,0,248,0,0,31,0,0,0,0,127,0,0,254,0,0,0,0,31,224,7,248,0,0,0 ,0,7,255,255,224,0,0,0,0,0,127,254,0,0,0,0,0,0,0,0,0,0,0,0,0,0,0,0,0,0,0,0,0,0,0,0,0,0,0}, 
  
{0,0,0,0,0,0,0,0,0,0,0,0,0,0,0,0,0,0,0,0,0,0,0,0,0,0,0,127,254,0,0,0,0,0,7,255,255,224,0,0,0,0,31,248,31,248,0,0,0,0,1 27,0,0,252,0,0,0,0,248,0,0,31,0,0,0,3,224,0,0,7,192,0,0,7,128,0,0,1,224,0,0,15,0,0,0,0,240,0,0,30,0,0,0,0,120,0,0,60, 0,0,0,0,60,0,0,120,0,0,0,0,30,0,0,240,0,0,0,0,15,0,0,224,0,0,0,16,7,0,1,192,0,0,3,248,3,128,3,128,0,0,255,248,1,192, 3,128,0,31,255,248,1,192,7,0,0,127,255,248,0,224,7,0,0,255,255,248,0,224,14,0,0,255,255,248,0,112,14,0,0,255,25 5,248,0,112,14,0,0,255,255,248,0,112,12,0,0,255,255,248,0,48,28,0,0,255,224,56,0,56,28,0,0,252,0,56,0,56,28,0,0,2 24,0,56,0,56,28,0,0,224,0,56,0,56,24,0,0,224,0,56,0,24,24,0,0,224,0,56,0,24,24,0,0,224,0,56,0,24,24,0,0,224,0,56,0, 24,24,0,0,224,0,56,0,24,24,0,0,224,0,56,0,24,28,0,0,224,1,248,0,56,28,0,0,224,15,248,0,56,28,0,0,224,63,248,0,56,2 8,0,0,224,63,248,0,56,12,0,15,224,127,248,0,48,14,0,127,224,127,240,0,112,14,0,255,224,63,240,0,112,14,0,255,22 4,63,224,0,112,7,1,255,224,31,192,0,224,7,1,255,192,7,0,0,224,3,128,255,192,0,0,1,192,3,128,255,128,0,0,1,192,1, 192,127,0,0,0,3,128,0,224,28,0,0,0,7,0,0,240,0,0,0,0,15,0,0,120,0,0,0,0,30,0,0,60,0,0,0,0,60,0,0,30,0,0,0,0,120,0,0,1 5,0,0,0,0,240,0,0,7,128,0,0,1,224,0,0,3,224,0,0,7,192,0,0,0,248,0,0,31,0,0,0,0,127,0,0,254,0,0,0,0,31,224,7,248,0,0,0 ,0,7,255,255,224,0,0,0,0,0,127,254,0,0,0,0,0,0,0,0,0,0,0,0,0,0,0,0,0,0,0,0,0,0,0,0,0,0,0}, 
  
{0,0,0,0,0,0,0,0,0,0,0,0,0,0,0,0,0,0,0,0,0,0,0,0,0,0,0,127,254,0,0,0,0,0,7,255,255,224,0,0,0,0,31,248,31,248,0,0,0,0,1
48 
27,0,0,252,0,0,0,0,248,0,0,31,0,0,0,3,224,0,0,7,192,0,0,7,128,0,0,1,224,0,0,15,0,0,0,0,240,0,0,30,0,0,0,0,120,0,0,60, 0,0,0,0,60,0,0,120,0,0,0,0,30,0,0,240,0,0,0,0,15,0,0,224,0,0,0,16,7,0,1,192,0,0,3,248,3,128,3,128,0,0,255,248,1,192, 3,128,0,31,255,248,1,192,7,0,0,127,255,248,0,224,7,0,0,255,255,248,0,224,14,0,0,255,255,248,0,112,14,0,0,255,25 5,248,0,112,14,0,0,255,255,248,0,112,12,0,0,255,255,248,0,48,28,0,0,255,224,56,0,56,28,0,0,252,0,56,0,56,28,0,0,2 
24,0,56,0,56,28,0,0,224,0,56,0,56,24,0,0,224,0,56,0,24,24,0,0,224,0,56,0,24,24,0,0,224,0,56,0,24,24,0,0,224,0,56,0, 24,24,0,0,224,0,56,0,24,24,0,0,224,0,56,0,24,28,0,0,224,1,248,0,56,28,0,0,224,15,248,0,56,28,0,0,224,63,248,0,56,2 8,0,0,224,63,248,0,56,12,0,15,224,127,248,0,48,14,0,127,224,127,240,0,112,14,0,255,224,63,240,0,112,14,0,255,22 4,63,224,0,112,7,1,255,224,31,192,0,224,7,1,255,192,7,0,0,224,3,128,255,192,0,0,1,192,3,128,255,128,0,0,1,192,1, 192,127,0,0,0,3,128,0,224,28,0,0,0,7,0,0,240,0,0,0,0,15,0,0,120,0,0,0,0,30,0,0,60,0,0,0,0,60,0,0,30,0,0,0,0,120,0,0,1 5,0,0,0,0,240,0,0,7,128,0,0,1,224,0,0,3,224,0,0,7,192,0,0,0,248,0,0,31,0,0,0,0,127,0,0,254,0,0,0,0,31,224,7,248,0,0,0 ,0,7,255,255,224,0,0,0,0,0,127,254,0,0,0,0,0,0,0,0,0,0,0,0,0,0,0,0,0,0,0,0,0,0,0,0,0,0,0}, 
  
{0,0,0,0,0,0,0,0,0,0,0,0,0,0,0,0,0,0,0,0,0,0,0,0,0,0,0,127,254,0,0,0,0,0,7,255,255,224,0,0,0,0,31,248,31,248,0,0,0,0,1 27,0,0,252,0,0,0,0,248,0,0,31,0,0,0,3,224,0,0,7,192,0,0,7,128,0,0,1,224,0,0,15,0,0,0,0,240,0,0,30,0,0,0,0,120,0,0,60, 0,0,0,0,60,0,0,120,0,0,0,0,30,0,0,240,0,0,0,0,15,0,0,224,0,0,0,16,7,0,1,192,0,0,3,248,3,128,3,128,0,0,255,248,1,192, 3,128,0,31,255,248,1,192,7,0,0,127,255,248,0,224,7,0,0,255,255,248,0,224,14,0,0,255,255,248,0,112,14,0,0,255,25 5,248,0,112,14,0,0,255,255,248,0,112,12,0,0,255,255,248,0,48,28,0,0,255,224,56,0,56,28,0,0,252,0,56,0,56,28,0,0,2 
24,0,56,0,56,28,0,0,224,0,56,0,56,24,0,0,224,0,56,0,24,24,0,0,224,0,56,0,24,24,0,0,224,0,56,0,24,24,0,0,224,0,56,0, 24,24,0,0,224,0,56,0,24,24,0,0,224,0,56,0,24,28,0,0,224,1,248,0,56,28,0,0,224,15,248,0,56,28,0,0,224,63,248,0,56,2 8,0,0,224,63,248,0,56,12,0,15,224,127,248,0,48,14,0,127,224,127,240,0,112,14,0,255,224,63,240,0,112,14,0,255,22 4,63,224,0,112,7,1,255,224,31,192,0,224,7,1,255,192,7,0,0,224,3,128,255,192,0,0,1,192,3,128,255,128,0,0,1,192,1, 192,127,0,0,0,3,128,0,224,28,0,0,0,7,0,0,240,0,0,0,0,15,0,0,120,0,0,0,0,30,0,0,60,0,0,0,0,60,0,0,30,0,0,0,0,120,0,0,1 5,0,0,0,0,240,0,0,7,128,0,0,1,224,0,0,3,224,0,0,7,192,0,0,0,248,0,0,31,0,0,0,0,127,0,0,254,0,0,0,0,31,224,7,248,0,0,0 ,0,7,255,255,224,0,0,0,0,0,127,254,0,0,0,0,0,0,0,0,0,0,0,0,0,0,0,0,0,0,0,0,0,0,0,0,0,0,0}, 
  
{0,0,0,0,0,0,0,0,0,0,0,0,0,0,0,0,0,0,0,0,0,0,0,0,0,0,0,127,254,0,0,0,0,0,7,255,255,224,0,0,0,0,31,248,31,248,0,0,0,0,1 27,0,0,252,0,0,0,0,248,0,0,31,0,0,0,3,224,0,0,7,192,0,0,7,128,0,0,1,224,0,0,15,0,0,0,0,240,0,0,30,0,0,0,0,120,0,0,60, 0,0,0,0,60,0,0,120,0,0,0,0,30,0,0,240,0,0,0,0,15,0,0,224,0,0,0,56,7,0,1,192,0,0,15,248,3,128,3,128,0,1,255,248,1,192 ,3,128,0,63,255,248,1,192,7,0,0,255,255,248,0,224,7,0,0,255,255,248,0,224,14,0,0,255,255,248,0,112,14,0,0,255,25 5,248,0,112,14,0,0,255,255,248,0,112,12,0,0,255,255,56,0,48,28,0,0,255,224,56,0,56,28,0,0,252,0,56,0,56,28,0,0,22 4,0,56,0,56,28,0,0,224,0,56,0,56,24,0,0,224,0,56,0,24,24,0,0,224,0,56,0,24,24,0,0,224,0,56,0,24,24,0,0,224,0,56,0,2 4,24,0,0,224,0,56,0,24,24,0,0,224,0,56,0,24,28,0,0,224,1,248,0,56,28,0,0,224,15,248,0,56,28,0,0,224,63,248,0,56,28 ,0,0,224,63,248,0,56,12,0,15,224,127,248,0,48,14,0,127,224,127,248,0,112,14,0,255,224,63,240,0,112,14,0,255,224 ,63,240,0,112,7,1,255,224,31,224,0,224,7,1,255,192,15,128,0,224,3,129,255,192,0,0,1,192,3,128,255,128,0,0,1,192, 1,192,127,0,0,0,3,128,0,224,60,0,0,0,7,0,0,240,0,0,0,0,15,0,0,120,0,0,0,0,30,0,0,60,0,0,0,0,60,0,0,30,0,0,0,0,120,0,0, 15,0,0,0,0,240,0,0,7,128,0,0,1,224,0,0,3,224,0,0,7,192,0,0,0,248,0,0,31,0,0,0,0,127,0,0,254,0,0,0,0,31,224,7,248,0,0, 
0,0,7,255,255,224,0,0,0,0,0,127,254,0,0,0,0,0,0,0,0,0,0,0,0,0,0,0,0,0,0,0,0,0,0,0,0,0,0,0},   
{0,0,0,0,0,0,0,0,0,0,0,0,0,0,0,0,0,0,0,0,0,0,0,0,0,0,0,127,254,0,0,0,0,0,7,255,255,224,0,0,0,0,31,248,31,248,0,0,0,0,1 27,0,0,252,0,0,0,0,248,0,0,31,0,0,0,3,224,0,0,7,192,0,0,7,128,0,0,1,224,0,0,15,0,0,0,0,240,0,0,30,0,0,0,0,120,0,0,60, 0,0,0,0,60,0,0,120,0,0,0,0,30,0,0,240,0,0,0,0,15,0,0,224,0,0,1,248,7,0,1,192,0,0,63,252,3,128,3,128,0,7,255,252,1,19 2,3,128,0,127,255,252,1,192,7,0,0,255,255,252,0,224,7,0,0,255,255,252,0,224,14,0,0,255,255,252,0,112,14,0,0,255,
49 
255,252,0,112,14,0,0,255,255,252,0,112,12,0,0,255,254,60,0,48,28,0,0,255,192,28,0,56,28,0,0,248,0,28,0,56,28,0,0, 224,0,28,0,56,28,0,0,224,0,28,0,56,24,0,0,224,0,28,0,24,24,0,0,224,0,28,0,24,24,0,0,224,0,28,0,24,24,0,0,224,0,28,0 ,24,24,0,0,224,0,28,0,24,24,0,0,224,0,60,0,24,28,0,0,224,0,252,0,56,28,0,0,224,15,252,0,56,28,0,0,224,31,252,0,56, 28,0,0,224,63,252,0,56,12,0,7,224,63,252,0,48,14,0,63,224,127,248,0,112,14,0,255,224,63,248,0,112,14,1,255,224, 63,240,0,112,7,1,255,224,63,224,0,224,7,1,255,192,31,192,0,224,3,129,255,192,2,0,1,192,3,129,255,192,0,0,1,192, 1,192,255,128,0,0,3,128,0,224,126,0,0,0,7,0,0,240,16,0,0,0,15,0,0,120,0,0,0,0,30,0,0,60,0,0,0,0,60,0,0,30,0,0,0,0,12 0,0,0,15,0,0,0,0,240,0,0,7,128,0,0,1,224,0,0,3,224,0,0,7,192,0,0,0,248,0,0,31,0,0,0,0,127,0,0,254,0,0,0,0,31,224,7,24 
8,0,0,0,0,7,255,255,224,0,0,0,0,0,127,254,0,0,0,0,0,0,0,0,0,0,0,0,0,0,0,0,0,0,0,0,0,0,0,0,0,0,0},   
{0,0,0,0,0,0,0,0,0,0,0,0,0,0,0,0,0,0,0,0,0,0,0,0,0,0,0,127,254,0,0,0,0,0,7,255,255,224,0,0,0,0,31,248,31,248,0,0,0,0,1 27,0,0,252,0,0,0,0,248,0,0,31,0,0,0,3,224,0,0,7,192,0,0,7,128,0,0,1,224,0,0,15,0,0,0,0,240,0,0,30,0,0,0,0,120,0,0,60, 0,0,0,0,60,0,0,120,0,0,0,0,30,0,0,240,0,0,0,60,15,0,0,224,0,0,7,252,7,0,1,192,0,1,255,252,3,128,3,128,0,63,255,252, 1,192,3,128,0,255,255,252,1,192,7,0,0,255,255,252,0,224,7,0,0,255,255,252,0,224,14,0,0,255,255,252,0,112,14,0,0, 
255,255,252,0,112,14,0,0,255,255,252,0,112,12,0,0,255,252,28,0,48,28,0,0,255,128,28,0,56,28,0,0,240,0,28,0,56,28 ,0,0,224,0,28,0,56,28,0,0,224,0,28,0,56,24,0,0,224,0,28,0,24,24,0,0,224,0,28,0,24,24,0,0,224,0,28,0,24,24,0,0,224,0, 28,0,24,24,0,0,224,0,28,0,24,24,0,0,224,0,28,0,24,28,0,0,224,0,124,0,56,28,0,0,224,7,252,0,56,28,0,0,224,31,252,0, 56,28,0,0,224,63,252,0,56,12,0,3,224,63,252,0,48,14,0,63,224,63,252,0,112,14,0,255,224,63,248,0,112,14,1,255,22 4,63,248,0,112,7,3,255,224,63,240,0,224,7,3,255,192,31,224,0,224,3,131,255,192,7,128,1,192,3,131,255,192,0,0,1, 192,1,193,255,128,0,0,3,128,0,224,255,0,0,0,7,0,0,240,124,0,0,0,15,0,0,120,0,0,0,0,30,0,0,60,0,0,0,0,60,0,0,30,0,0,0 ,0,120,0,0,15,0,0,0,0,240,0,0,7,128,0,0,1,224,0,0,3,224,0,0,7,192,0,0,0,248,0,0,31,0,0,0,0,127,0,0,254,0,0,0,0,31,224 
,7,248,0,0,0,0,7,255,255,224,0,0,0,0,0,127,254,0,0,0,0,0,0,0,0,0,0,0,0,0,0,0,0,0,0,0,0,0,0,0,0,0,0,0},   
{0,0,0,0,0,0,0,0,0,0,0,0,0,0,0,0,0,0,0,0,0,0,0,0,0,0,0,127,254,0,0,0,0,0,7,255,255,224,0,0,0,0,31,248,31,248,0,0,0,0,1 27,0,0,252,0,0,0,0,248,0,0,31,0,0,0,3,224,0,0,7,192,0,0,7,128,0,0,1,224,0,0,15,0,0,0,0,240,0,0,30,0,0,0,0,120,0,0,60, 0,0,0,0,60,0,0,120,0,0,0,0,30,0,0,240,0,0,0,124,15,0,0,224,0,0,15,252,7,0,1,192,0,3,255,252,3,128,3,128,0,127,255,2 52,1,192,3,128,0,255,255,252,1,192,7,0,0,255,255,252,0,224,7,0,0,255,255,252,0,224,14,0,0,255,255,252,0,112,14, 0,0,255,255,252,0,112,14,0,0,255,255,252,0,112,12,0,0,255,252,28,0,48,28,0,0,255,128,28,0,56,28,0,0,240,0,28,0,5 6,28,0,0,224,0,28,0,56,28,0,0,224,0,28,0,56,24,0,0,224,0,28,0,24,24,0,0,224,0,28,0,24,24,0,0,224,0,28,0,24,24,0,0,2 24,0,28,0,24,24,0,0,224,0,28,0,24,24,0,0,224,0,28,0,24,28,0,0,224,0,124,0,56,28,0,0,224,7,252,0,56,28,0,0,224,31,2 52,0,56,28,0,0,224,63,252,0,56,12,0,3,224,63,252,0,48,14,0,63,224,63,252,0,112,14,0,255,224,63,252,0,112,14,1,25 5,224,63,248,0,112,7,3,255,224,63,248,0,224,7,3,255,192,31,240,0,224,3,131,255,192,15,192,1,192,3,131,255,192, 0,0,1,192,1,195,255,128,0,0,3,128,0,225,255,0,0,0,7,0,0,240,254,0,0,0,15,0,0,120,0,0,0,0,30,0,0,60,0,0,0,0,60,0,0,30 ,0,0,0,0,120,0,0,15,0,0,0,0,240,0,0,7,128,0,0,1,224,0,0,3,224,0,0,7,192,0,0,0,248,0,0,31,0,0,0,0,127,0,0,254,0,0,0,0,3 
1,224,7,248,0,0,0,0,7,255,255,224,0,0,0,0,0,127,254,0,0,0,0,0,0,0,0,0,0,0,0,0,0,0,0,0,0,0,0,0,0,0,0,0,0,0},   
{0,0,0,0,0,0,0,0,0,0,0,0,0,0,0,0,0,0,0,0,0,0,0,0,0,0,0,127,254,0,0,0,0,0,7,255,255,224,0,0,0,0,31,248,31,248,0,0,0,0,1 27,0,0,252,0,0,0,0,248,0,0,31,0,0,0,3,224,0,0,7,192,0,0,7,128,0,0,1,224,0,0,15,0,0,0,0,240,0,0,30,0,0,0,0,120,0,0,60, 0,0,0,0,60,0,0,120,0,0,0,0,30,0,0,240,0,0,0,0,15,0,0,224,0,0,0,124,7,0,1,192,0,0,31,254,3,128,3,128,0,7,255,254,1,19 2,3,128,0,127,255,254,1,192,7,0,0,255,255,254,0,224,7,0,0,255,255,254,0,224,14,0,0,255,255,254,0,112,14,0,0,255, 255,254,0,112,14,0,0,255,255,254,0,112,12,0,0,255,255,254,0,48,28,0,0,255,252,30,0,56,28,0,0,255,0,30,0,56,28,0, 
0,224,0,30,0,56,28,0,0,224,0,28,0,56,24,0,0,224,0,28,0,24,24,0,0,224,0,28,0,24,24,0,0,224,0,28,0,24,24,0,0,224,0,28 ,0,24,24,0,0,224,0,28,0,24,24,0,0,224,0,28,0,24,28,0,0,224,0,28,0,56,28,0,0,224,0,124,0,56,28,0,0,224,7,252,0,56,28
50 
,0,1,224,31,252,0,56,12,0,1,224,63,252,0,48,14,0,15,192,63,252,0,112,14,0,255,192,127,252,0,112,14,1,255,192,12 7,252,0,112,7,3,255,192,63,248,0,224,7,3,255,192,63,240,0,224,3,131,255,192,31,224,1,192,3,131,255,192,15,192, 1,192,1,195,255,128,0,0,3,128,0,227,255,0,0,0,7,0,0,241,254,0,0,0,15,0,0,120,120,0,0,0,30,0,0,60,0,0,0,0,60,0,0,30, 0,0,0,0,120,0,0,15,0,0,0,0,240,0,0,7,128,0,0,1,224,0,0,3,224,0,0,7,192,0,0,0,248,0,0,31,0,0,0,0,127,0,0,254,0,0,0,0,3 1,224,7,248,0,0,0,0,7,255,255,224,0,0,0,0,0,127,254,0,0,0,0,0,0,0,0,0,0,0,0,0,0,0,0,0,0,0,0,0,0,0,0,0,0,0}, 
  
{0,0,0,0,0,0,0,0,0,0,0,0,0,0,0,0,0,0,0,0,0,0,0,0,0,0,0,127,254,0,0,0,0,0,7,255,255,224,0,0,0,0,31,248,31,248,0,0,0,0,1 27,0,0,252,0,0,0,0,248,0,0,31,0,0,0,3,224,0,0,7,192,0,0,7,128,0,0,1,224,0,0,15,0,0,0,0,240,0,0,30,0,0,0,0,120,0,0,60, 0,0,0,0,60,0,0,120,0,0,0,0,30,0,0,240,0,0,0,0,15,0,0,224,0,0,0,0,7,0,1,192,0,0,0,0,3,128,3,128,0,0,0,62,1,192,3,128,0, 0,63,254,1,192,7,0,0,63,255,254,0,224,7,0,0,127,255,254,0,224,14,0,0,255,255,254,0,112,14,0,0,255,255,254,0,112, 14,0,0,255,255,254,0,112,12,0,0,255,255,254,0,48,28,0,0,255,255,254,0,56,28,0,0,255,255,254,0,56,28,0,0,255,240, 14,0,56,28,0,0,248,0,14,0,56,24,0,0,224,0,14,0,24,24,0,0,224,0,14,0,24,24,0,0,224,0,14,0,24,24,0,0,224,0,30,0,24,24 ,0,0,224,0,28,0,24,24,0,0,224,0,28,0,24,28,0,0,224,0,28,0,56,28,0,1,192,0,28,0,56,28,0,1,192,0,28,0,56,28,0,1,192,0, 252,0,56,12,0,1,192,15,252,0,48,14,0,1,192,63,252,0,112,14,0,15,192,63,252,0,112,14,0,255,192,127,252,0,112,7,3, 255,192,127,252,0,224,7,3,255,192,127,248,0,224,3,135,255,192,127,248,1,192,3,135,255,192,63,240,1,192,1,199, 255,128,31,224,3,128,0,231,255,128,15,128,7,0,0,243,255,0,0,0,15,0,0,121,254,0,0,0,30,0,0,60,120,0,0,0,60,0,0,30, 0,0,0,0,120,0,0,15,0,0,0,0,240,0,0,7,128,0,0,1,224,0,0,3,224,0,0,7,192,0,0,0,248,0,0,31,0,0,0,0,127,0,0,254,0,0,0,0,3 
1,224,7,248,0,0,0,0,7,255,255,224,0,0,0,0,0,127,254,0,0,0,0,0,0,0,0,0,0,0,0,0,0,0,0,0,0,0,0,0,0,0,0,0,0,0},   
{0,0,0,0,0,0,0,0,0,0,0,0,0,0,0,0,0,0,0,0,0,0,0,0,0,0,0,127,254,0,0,0,0,0,7,255,255,224,0,0,0,0,31,248,31,248,0,0,0,0,1 27,0,0,252,0,0,0,0,248,0,0,31,0,0,0,3,224,0,0,7,192,0,0,7,128,0,0,1,224,0,0,15,0,0,0,0,240,0,0,30,0,0,0,0,120,0,0,60, 0,0,0,0,60,0,0,120,0,0,0,0,30,0,0,240,0,0,0,0,15,0,0,224,0,0,0,0,7,0,1,192,0,0,0,0,3,128,3,128,0,0,0,0,1,192,3,128,0,0 ,0,30,1,192,7,0,0,0,127,255,0,224,7,0,0,63,255,255,0,224,14,0,0,127,255,255,0,112,14,0,0,127,255,255,0,112,14,0,0 ,127,255,254,0,112,12,0,0,127,255,254,0,48,28,0,0,255,255,254,0,56,28,0,0,255,255,254,0,56,28,0,0,255,255,254,0, 56,28,0,0,255,240,14,0,56,24,0,0,240,0,14,0,24,24,0,0,224,0,14,0,24,24,0,0,224,0,14,0,24,24,0,0,224,0,14,0,24,24,0, 0,224,0,14,0,24,24,0,0,224,0,28,0,24,28,0,0,224,0,28,0,56,28,0,1,192,0,28,0,56,28,0,1,192,0,28,0,56,28,0,1,192,0,28 ,0,56,12,0,1,192,0,252,0,48,14,0,1,192,15,252,0,112,14,0,3,192,63,252,0,112,14,0,127,192,127,252,0,112,7,1,255,1 92,127,252,0,224,7,3,255,192,127,248,0,224,3,135,255,192,127,248,1,192,3,135,255,192,127,248,1,192,1,199,255, 128,63,240,3,128,0,231,255,128,31,224,7,0,0,247,255,0,15,128,15,0,0,123,254,0,0,0,30,0,0,61,252,0,0,0,60,0,0,30,0 ,0,0,0,120,0,0,15,0,0,0,0,240,0,0,7,128,0,0,1,224,0,0,3,224,0,0,7,192,0,0,0,248,0,0,31,0,0,0,0,127,0,0,254,0,0,0,0,31, 
224,7,248,0,0,0,0,7,255,255,224,0,0,0,0,0,127,254,0,0,0,0,0,0,0,0,0,0,0,0,0,0,0,0,0,0,0,0,0,0,0,0,0,0,0},   
{0,0,0,0,0,0,0,0,0,0,0,0,0,0,0,0,0,0,0,0,0,0,0,0,0,0,0,127,254,0,0,0,0,0,7,255,255,224,0,0,0,0,31,248,31,248,0,0,0,0,1 27,0,0,252,0,0,0,0,248,0,0,31,0,0,0,3,224,0,0,7,192,0,0,7,128,0,0,1,224,0,0,15,0,0,0,0,240,0,0,30,0,0,0,0,120,0,0,60, 0,0,0,0,60,0,0,120,0,0,0,0,30,0,0,240,0,0,0,0,15,0,0,224,0,0,0,0,7,0,1,192,0,0,0,0,3,128,3,128,0,0,0,62,1,192,3,128,0, 0,63,254,1,192,7,0,0,63,255,254,0,224,7,0,0,127,255,254,0,224,14,0,0,255,255,254,0,112,14,0,0,255,255,254,0,112, 14,0,0,255,255,254,0,112,12,0,0,255,255,254,0,48,28,0,0,255,255,254,0,56,28,0,0,255,255,254,0,56,28,0,0,255,248, 14,0,56,28,0,0,248,0,14,0,56,24,0,0,224,0,14,0,24,24,0,0,224,0,14,0,24,24,0,0,224,0,14,0,24,24,0,0,224,0,30,0,24,24 ,0,0,224,0,28,0,24,24,0,0,224,0,28,0,24,28,0,0,224,0,28,0,56,28,0,1,224,0,28,0,56,28,0,1,192,0,28,0,56,28,0,1,192,0, 124,0,56,12,0,1,192,15,252,0,48,14,0,1,192,31,252,0,112,14,0,7,192,63,252,0,112,14,0,255,192,127,252,0,112,7,1,2 55,192,127,252,0,224,7,3,255,192,127,248,0,224,3,135,255,192,127,248,1,192,3,135,255,192,63,240,1,192,1,199,2 55,128,31,224,3,128,0,231,255,128,15,128,7,0,0,243,255,0,0,0,15,0,0,121,254,0,0,0,30,0,0,60,248,0,0,0,60,0,0,30,0,
51 
0,0,0,120,0,0,15,0,0,0,0,240,0,0,7,128,0,0,1,224,0,0,3,224,0,0,7,192,0,0,0,248,0,0,31,0,0,0,0,127,0,0,254,0,0,0,0,31, 224,7,248,0,0,0,0,7,255,255,224,0,0,0,0,0,127,254,0,0,0,0,0,0,0,0,0,0,0,0,0,0,0,0,0,0,0,0,0,0,0,0,0,0,0},   
{0,0,0,0,0,0,0,0,0,0,0,0,0,0,0,0,0,0,0,0,0,0,0,0,0,0,0,127,254,0,0,0,0,0,7,255,255,224,0,0,0,0,31,248,31,248,0,0,0,0,1 27,0,0,252,0,0,0,0,248,0,0,31,0,0,0,3,224,0,0,7,192,0,0,7,128,0,0,1,224,0,0,15,0,0,0,0,240,0,0,30,0,0,0,0,120,0,0,60, 0,0,0,0,60,0,0,120,0,0,0,0,30,0,0,240,0,0,0,0,15,0,0,224,0,0,0,252,7,0,1,192,0,0,31,252,3,128,3,128,0,3,255,252,1,19 2,3,128,0,127,255,252,1,192,7,0,0,255,255,252,0,224,7,0,0,255,255,252,0,224,14,0,0,255,255,252,0,112,14,0,0,255, 255,252,0,112,14,0,0,255,255,252,0,112,12,0,0,255,255,252,0,48,28,0,0,255,248,28,0,56,28,0,0,255,0,28,0,56,28,0, 0,240,0,28,0,56,28,0,0,224,0,28,0,56,24,0,0,224,0,28,0,24,24,0,0,224,0,28,0,24,24,0,0,224,0,28,0,24,24,0,0,224,0,28 ,0,24,24,0,0,224,0,28,0,24,24,0,0,224,0,28,0,24,28,0,0,224,0,28,0,56,28,0,0,224,0,252,0,56,28,0,0,224,7,252,0,56,28 ,0,0,224,31,252,0,56,12,0,1,224,63,252,0,48,14,0,3,224,63,252,0,112,14,0,63,224,63,252,0,112,14,0,255,224,63,252 ,0,112,7,1,255,224,63,248,0,224,7,3,255,224,63,240,0,224,3,131,255,192,31,224,1,192,3,131,255,192,7,192,1,192,1 ,195,255,192,0,0,3,128,0,227,255,128,0,0,7,0,0,241,255,0,0,0,15,0,0,120,124,0,0,0,30,0,0,60,0,0,0,0,60,0,0,30,0,0,0, 0,120,0,0,15,0,0,0,0,240,0,0,7,128,0,0,1,224,0,0,3,224,0,0,7,192,0,0,0,248,0,0,31,0,0,0,0,127,0,0,254,0,0,0,0,31,224, 
7,248,0,0,0,0,7,255,255,224,0,0,0,0,0,127,254,0,0,0,0,0,0,0,0,0,0,0,0,0,0,0,0,0,0,0,0,0,0,0,0,0,0,0},   
{0,0,0,0,0,0,0,0,0,0,0,0,0,0,0,0,0,0,0,0,0,0,0,0,0,0,0,127,254,0,0,0,0,0,7,255,255,224,0,0,0,0,31,248,31,248,0,0,0,0,1 27,0,0,252,0,0,0,0,248,0,0,31,0,0,0,3,224,0,0,7,192,0,0,7,128,0,0,1,224,0,0,15,0,0,0,0,240,0,0,30,0,0,0,0,120,0,0,60, 0,0,0,16,60,0,0,120,0,0,1,248,30,0,0,240,0,0,31,248,15,0,0,224,0,1,255,248,7,0,1,192,0,31,255,252,3,128,3,128,0,25 5,255,252,1,192,3,128,1,255,255,252,1,192,7,0,1,255,255,252,0,224,7,0,1,255,255,252,0,224,14,0,1,255,255,252,0, 
112,14,0,1,255,255,188,0,112,14,0,1,255,248,28,0,112,12,0,1,255,128,28,0,48,28,0,1,248,0,28,0,56,28,0,1,224,0,28, 0,56,28,0,1,192,0,28,0,56,28,0,1,192,0,28,0,56,24,0,0,224,0,28,0,24,24,0,0,224,0,28,0,24,24,0,0,224,0,28,0,24,24,0, 0,224,0,28,0,24,24,0,0,224,0,30,0,24,24,0,0,224,0,254,0,24,28,0,0,224,7,254,0,56,28,0,0,224,15,254,0,56,28,0,0,224 ,31,254,0,56,28,0,0,224,63,254,0,56,12,0,3,224,63,252,0,48,14,0,31,224,63,252,0,112,14,0,127,224,63,252,0,112,14 ,0,255,224,31,248,0,112,7,1,255,224,15,240,0,224,7,1,255,224,7,192,0,224,3,129,255,224,0,0,1,192,3,129,255,192, 0,0,1,192,1,193,255,192,0,0,3,128,0,224,255,128,0,0,7,0,0,240,126,0,0,0,15,0,0,120,0,0,0,0,30,0,0,60,0,0,0,0,60,0,0, 30,0,0,0,0,120,0,0,15,0,0,0,0,240,0,0,7,128,0,0,1,224,0,0,3,224,0,0,7,192,0,0,0,248,0,0,31,0,0,0,0,127,0,0,254,0,0,0, 
0,31,224,7,248,0,0,0,0,7,255,255,224,0,0,0,0,0,127,254,0,0,0,0,0,0,0,0,0,0,0,0,0,0,0,0,0,0,0,0,0,0,0,0,0,0,0}, {0,0,0,0,0,0,0,0,0,0,0,0,0,0,0,0,0,0,0,0,0,0,0,0,0,0,0,127,254,0,0,0,0,0,7,255,255,224,0,0,0,0,31,248,31,248,0,0,0,0,1 27,0,0,252,0,0,0,0,248,0,0,31,0,0,0,3,224,0,0,7,192,0,0,7,128,0,0,1,224,0,0,15,0,0,0,0,240,0,0,30,0,0,0,48,120,0,0,60 ,0,0,1,248,  
,0,0,0,127,254,0,0,0,0,0,7,255,255,224,0,0,0,0,31,248,31,248,0,0,0,0,127,0,0,252,0,0,0,0,248,0,0,31,0,0,0,3,224,0,0, 7,192,0,0,7,128,0,0,1,224,0,0,15,0,0,0,0,240,0,0,30,0,0,0,0,120,0,0,60,0,0,0,16,60,0,0,120,0,0,1,248,30,0,0,240,0,0,3 1,248,15,0,0,224,0,1,255,248,7,0,1,192,0,31,255,252,3,128,3,128,0,255,255,252,1,192,3,128,1,255,255,252,1,192,7, 0,1,255,255,252,0,224,7,0,1,255,255,252,0,224,14,0,1,255,255,252,0,112,14,0,1,255,255,188,0,112,14,0,1,255,248, 28,0,112,12,0,1,255,128,28,0,48,28,0,1,248,0,28,0,56,28,0,1,224,0,28,0,56,28,0,1,192,0,28,0,56,28,0,1,192,0,28,0,5 6,24,0,0,224,0,28,0,24,24,0,0,224,0,28,0,24,24,0,0,224,0,28,0,24,24,0,0,224,0,28,0,24,24,0,0,224,0,30,0,24,24,0,0,2 24,0,254,0,24,28,0,0,224,7,254,0,56,28,0,0,224,15,254,0,56,28,0,0,224,31,254,0,56,28,0,0,224,63,254,0,56,12,0,3,2 24,63,252,0,48,14,0,31,224,63,252,0,112,14,0,127,224,63,252,0,112,14,0,255,224,31,248,0,112,7,1,255,224,15,240, 0,224,7,1,255,224,7,192,0,224,3,129,255,224,0,0,1,192,3,129,255,192,0,0,1,192,1,193,255,192,0,0,3,128,0,224,255, 128,0,0,7,0,0,240,126,0,0,0,15,0,0,120,0,0,0,0,30,0,0,60,0,0,0,0,60,0,0,30,0,0,0,0,120,0,0,15,0,0,0,0,240,0,0,7,128,0,
52 
0,1,224,0,0,3,224,0,0,7,192,0,0,0,248,0,0,31,0,0,0,0,127,0,0,254,0,0,0,0,31,224,7,248,0,0,0,0,7,255,255,224,0,0,0,0, 0,127,254,0,0,0,0,0,0,0,0,0,0,0,0,0,0,0,0,0,0,0,0,0,0,0,0,0,0,0}, 
  
{0,0,0,0,0,0,0,0,0,0,0,0,0,0,0,0,0,0,0,0,0,0,0,0,0,0,0,127,254,0,0,0,0,0,7,255,255,224,0,0,0,0,31,248,31,248,0,0,0,0,1 27,0,0,252,0,0,0,0,248,0,0,31,0,0,0,3,224,0,0,7,192,0,0,7,128,0,0,1,224,0,0,15,0,0,0,0,240,0,0,30,0,0,0,0,120,0,0,60, 0,0,0,0,60,0,0,120,0,0,0,0,30,0,0,240,0,0,0,0,15,0,0,224,0,0,0,252,7,0,1,192,0,0,31,252,3,128,3,128,0,3,255,252,1,19 2,3,128,0,127,255,252,1,192,7,0,0,255,255,252,0,224,7,0,0,255,255,252,0,224,14,0,0,255,255,252,0,112,14,0,0,255, 255,252,0,112,14,0,0,255,255,252,0,112,12,0,0,255,255,252,0,48,28,0,0,255,248,28,0,56,28,0,0,255,0,28,0,56,28,0, 0,240,0,28,0,56,28,0,0,224,0,28,0,56,24,0,0,224,0,28,0,24,24,0,0,224,0,28,0,24,24,0,0,224,0,28,0,24,24,0,0,224,0,28 ,0,24,24,0,0,224,0,28,0,24,24,0,0,224,0,28,0,24,28,0,0,224,0,28,0,56,28,0,0,224,0,252,0,56,28,0,0,224,7,252,0,56,28 ,0,0,224,31,252,0,56,12,0,1,224,63,252,0,48,14,0,3,224,63,252,0,112,14,0,63,224,63,252,0,112,14,0,255,224,63,252 ,0,112,7,1,255,224,63,248,0,224,7,3,255,224,63,240,0,224,3,131,255,192,31,224,1,192,3,131,255,192,7,192,1,192,1 ,195,255,192,0,0,3,128,0,227,255,128,0,0,7,0,0,241,255,0,0,0,15,0,0,120,124,0,0,0,30,0,0,60,0,0,0,0,60,0,0,30,0,0,0, 0,120,0,0,15,0,0,0,0,240,0,0,7,128,0,0,1,224,0,0,3,224,0,0,7,192,0,0,0,248,0,0,31,0,0,0,0,127,0,0,254,0,0,0,0,31,224, 
7,248,0,0,0,0,7,255,255,224,0,0,0,0,0,127,254,0,0,0,0,0,0,0,0,0,0,0,0,0,0,0,0,0,0,0,0,0,0,0,0,0,0,0},   
{0,0,0,0,0,0,0,0,0,0,0,0,0,0,0,0,0,0,0,0,0,0,0,0,0,0,0,127,254,0,0,0,0,0,7,255,255,224,0,0,0,0,31,248,31,248,0,0,0,0,1 27,0,0,252,0,0,0,0,248,0,0,31,0,0,0,3,224,0,0,7,192,0,0,7,128,0,0,1,224,0,0,15,0,0,0,0,240,0,0,30,0,0,0,0,120,0,0,60, 0,0,0,0,60,0,0,120,0,0,0,0,30,0,0,240,0,0,0,0,15,0,0,224,0,0,0,0,7,0,1,192,0,0,0,0,3,128,3,128,0,0,0,62,1,192,3,128,0, 0,63,254,1,192,7,0,0,63,255,254,0,224,7,0,0,127,255,254,0,224,14,0,0,255,255,254,0,112,14,0,0,255,255,254,0,112, 14,0,0,255,255,254,0,112,12,0,0,255,255,254,0,48,28,0,0,255,255,254,0,56,28,0,0,255,255,254,0,56,28,0,0,255,248, 14,0,56,28,0,0,248,0,14,0,56,24,0,0,224,0,14,0,24,24,0,0,224,0,14,0,24,24,0,0,224,0,14,0,24,24,0,0,224,0,30,0,24,24 ,0,0,224,0,28,0,24,24,0,0,224,0,28,0,24,28,0,0,224,0,28,0,56,28,0,1,224,0,28,0,56,28,0,1,192,0,28,0,56,28,0,1,192,0, 124,0,56,12,0,1,192,15,252,0,48,14,0,1,192,31,252,0,112,14,0,7,192,63,252,0,112,14,0,255,192,127,252,0,112,7,1,2 55,192,127,252,0,224,7,3,255,192,127,248,0,224,3,135,255,192,127,248,1,192,3,135,255,192,63,240,1,192,1,199,2 55,128,31,224,3,128,0,231,255,128,15,128,7,0,0,243,255,0,0,0,15,0,0,121,254,0,0,0,30,0,0,60,248,0,0,0,60,0,0,30,0, 0,0,0,120,0,0,15,0,0,0,0,240,0,0,7,128,0,0,1,224,0,0,3,224,0,0,7,192,0,0,0,248,0,0,31,0,0,0,0,127,0,0,254,0,0,0,0,31, 
224,7,248,0,0,0,0,7,255,255,224,0,0,0,0,0,127,254,0,0,0,0,0,0,0,0,0,0,0,0,0,0,0,0,0,0,0,0,0,0,0,0,0,0,0},   
{0,0,0,0,0,0,0,0,0,0,0,0,0,0,0,0,0,0,0,0,0,0,0,0,0,0,0,127,254,0,0,0,0,0,7,255,255,224,0,0,0,0,31,248,31,248,0,0,0,0,1 27,0,0,252,0,0,0,0,248,0,0,31,0,0,0,3,224,0,0,7,192,0,0,7,128,0,0,1,224,0,0,15,0,0,0,0,240,0,0,30,0,0,0,0,120,0,0,60, 0,0,0,0,60,0,0,120,0,0,0,0,30,0,0,240,0,0,0,0,15,0,0,224,0,0,0,0,7,0,1,192,0,0,0,0,3,128,3,128,0,0,0,0,1,192,3,128,0,0 ,0,30,1,192,7,0,0,0,127,255,0,224,7,0,0,63,255,255,0,224,14,0,0,127,255,255,0,112,14,0,0,127,255,255,0,112,14,0,0 ,127,255,254,0,112,12,0,0,127,255,254,0,48,28,0,0,255,255,254,0,56,28,0,0,255,255,254,0,56,28,0,0,255,255,254,0, 56,28,0,0,255,240,14,0,56,24,0,0,240,0,14,0,24,24,0,0,224,0,14,0,24,24,0,0,224,0,14,0,24,24,0,0,224,0,14,0,24,24,0, 0,224,0,14,0,24,24,0,0,224,0,28,0,24,28,0,0,224,0,28,0,56,28,0,1,192,0,28,0,56,28,0,1,192,0,28,0,56,28,0,1,192,0,28 ,0,56,12,0,1,192,0,252,0,48,14,0,1,192,15,252,0,112,14,0,3,192,63,252,0,112,14,0,127,192,127,252,0,112,7,1,255,1 92,127,252,0,224,7,3,255,192,127,248,0,224,3,135,255,192,127,248,1,192,3,135,255,192,127,248,1,192,1,199,255, 128,63,240,3,128,0,231,255,128,31,224,7,0,0,247,255,0,15,128,15,0,0,123,254,0,0,0,30,0,0,61,252,0,0,0,60,0,0,30,0 ,0,0,0,120,0,0,15,0,0,0,0,240,0,0,7,128,0,0,1,224,0,0,3,224,0,0,7,192,0,0,0,248,0,0,31,0,0,0,0,127,0,0,254,0,0,0,0,31, 224,7,248,0,0,0,0,7,255,255,224,0,0,0,0,0,127,254,0,0,0,0,0,0,0,0,0,0,0,0,0,0,0,0,0,0,0,0,0,0,0,0,0,0,0},
53 
  
{0,0,0,0,0,0,0,0,0,0,0,0,0,0,0,0,0,0,0,0,0,0,0,0,0,0,0,127,254,0,0,0,0,0,7,255,255,224,0,0,0,0,31,248,31,248,0,0,0,0,1 27,0,0,252,0,0,0,0,248,0,0,31,0,0,0,3,224,0,0,7,192,0,0,7,128,0,0,1,224,0,0,15,0,0,0,0,240,0,0,30,0,0,0,0,120,0,0,60, 0,0,0,0,60,0,0,120,0,0,0,0,30,0,0,240,0,0,0,0,15,0,0,224,0,0,0,0,7,0,1,192,0,0,0,0,3,128,3,128,0,0,0,62,1,192,3,128,0, 0,63,254,1,192,7,0,0,63,255,254,0,224,7,0,0,127,255,254,0,224,14,0,0,255,255,254,0,112,14,0,0,255,255,254,0,112, 14,0,0,255,255,254,0,112,12,0,0,255,255,254,0,48,28,0,0,255,255,254,0,56,28,0,0,255,255,254,0,56,28,0,0,255,240, 14,0,56,28,0,0,248,0,14,0,56,24,0,0,224,0,14,0,24,24,0,0,224,0,14,0,24,24,0,0,224,0,14,0,24,24,0,0,224,0,30,0,24,24 ,0,0,224,0,28,0,24,24,0,0,224,0,28,0,24,28,0,0,224,0,28,0,56,28,0,1,192,0,28,0,56,28,0,1,192,0,28,0,56,28,0,1,192,0, 252,0,56,12,0,1,192,15,252,0,48,14,0,1,192,63,252,0,112,14,0,15,192,63,252,0,112,14,0,255,192,127,252,0,112,7,3, 255,192,127,252,0,224,7,3,255,192,127,248,0,224,3,135,255,192,127,248,1,192,3,135,255,192,63,240,1,192,1,199, 255,128,31,224,3,128,0,231,255,128,15,128,7,0,0,243,255,0,0,0,15,0,0,121,254,0,0,0,30,0,0,60,120,0,0,0,60,0,0,30, 0,0,0,0,120,0,0,15,0,0,0,0,240,0,0,7,128,0,0,1,224,0,0,3,224,0,0,7,192,0,0,0,248,0,0,31,0,0,0,0,127,0,0,254,0,0,0,0,3 
1,224,7,248,0,0,0,0,7,255,255,224,0,0,0,0,0,127,254,0,0,0,0,0,0,0,0,0,0,0,0,0,0,0,0,0,0,0,0,0,0,0,0,0,0,0},   
{0,0,0,0,0,0,0,0,0,0,0,0,0,0,0,0,0,0,0,0,0,0,0,0,0,0,0,127,254,0,0,0,0,0,7,255,255,224,0,0,0,0,31,248,31,248,0,0,0,0,1 27,0,0,252,0,0,0,0,248,0,0,31,0,0,0,3,224,0,0,7,192,0,0,7,128,0,0,1,224,0,0,15,0,0,0,0,240,0,0,30,0,0,0,0,120,0,0,60, 0,0,0,0,60,0,0,120,0,0,0,0,30,0,0,240,0,0,0,0,15,0,0,224,0,0,0,60,7,0,1,192,0,0,15,254,3,128,3,128,0,3,255,254,1,192 ,3,128,0,127,255,254,1,192,7,0,0,255,255,254,0,224,7,0,0,255,255,254,0,224,14,0,0,255,255,254,0,112,14,0,0,255,2 55,254,0,112,14,0,0,255,255,254,0,112,12,0,0,255,255,254,0,48,28,0,0,255,252,30,0,56,28,0,0,255,0,30,0,56,28,0,0, 224,0,30,0,56,28,0,0,224,0,28,0,56,24,0,0,224,0,28,0,24,24,0,0,224,0,28,0,24,24,0,0,224,0,28,0,24,24,0,0,224,0,28,0 ,24,24,0,0,224,0,28,0,24,24,0,0,224,0,28,0,24,28,0,0,224,0,28,0,56,28,0,0,224,0,124,0,56,28,0,0,224,7,252,0,56,28,0 ,1,224,31,252,0,56,12,0,1,224,63,252,0,48,14,0,15,192,63,252,0,112,14,0,127,192,127,252,0,112,14,1,255,192,127, 252,0,112,7,3,255,192,63,248,0,224,7,3,255,192,63,240,0,224,3,131,255,192,31,224,1,192,3,131,255,192,15,192,1, 192,1,195,255,128,0,0,3,128,0,227,255,0,0,0,7,0,0,241,254,0,0,0,15,0,0,120,120,0,0,0,30,0,0,60,0,0,0,0,60,0,0,30,0, 0,0,0,120,0,0,15,0,0,0,0,240,0,0,7,128,0,0,1,224,0,0,3,224,0,0,7,192,0,0,0,248,0,0,31,0,0,0,0,127,0,0,254,0,0,0,0,31, 
224,7,248,0,0,0,0,7,255,255,224,0,0,0,0,0,127,254,0,0,0,0,0,0,0,0,0,0,0,0,0,0,0,0,0,0,0,0,0,0,0,0,0,0,0},   
{0,0,0,0,0,0,0,0,0,0,0,0,0,0,0,0,0,0,0,0,0,0,0,0,0,0,0,127,254,0,0,0,0,0,7,255,255,224,0,0,0,0,31,248,31,248,0,0,0,0,1 27,0,0,252,0,0,0,0,248,0,0,31,0,0,0,3,224,0,0,7,192,0,0,7,128,0,0,1,224,0,0,15,0,0,0,0,240,0,0,30,0,0,0,0,120,0,0,60, 0,0,0,0,60,0,0,120,0,0,0,0,30,0,0,240,0,0,0,124,15,0,0,224,0,0,15,252,7,0,1,192,0,1,255,252,3,128,3,128,0,127,255,2 52,1,192,3,128,0,255,255,252,1,192,7,0,0,255,255,252,0,224,7,0,0,255,255,252,0,224,14,0,0,255,255,252,0,112,14, 0,0,255,255,252,0,112,14,0,0,255,255,252,0,112,12,0,0,255,252,28,0,48,28,0,0,255,128,28,0,56,28,0,0,240,0,28,0,5 6,28,0,0,224,0,28,0,56,28,0,0,224,0,28,0,56,24,0,0,224,0,28,0,24,24,0,0,224,0,28,0,24,24,0,0,224,0,28,0,24,24,0,0,2 24,0,28,0,24,24,0,0,224,0,28,0,24,24,0,0,224,0,28,0,24,28,0,0,224,0,124,0,56,28,0,0,224,7,252,0,56,28,0,0,224,31,2 52,0,56,28,0,0,224,63,252,0,56,12,0,3,224,63,252,0,48,14,0,63,224,63,252,0,112,14,0,255,224,63,252,0,112,14,1,25 5,224,63,248,0,112,7,3,255,224,63,248,0,224,7,3,255,192,31,240,0,224,3,131,255,192,15,192,1,192,3,131,255,192, 0,0,1,192,1,195,255,128,0,0,3,128,0,225,255,0,0,0,7,0,0,240,254,0,0,0,15,0,0,120,0,0,0,0,30,0,0,60,0,0,0,0,60,0,0,30 ,0,0,0,0,120,0,0,15,0,0,0,0,240,0,0,7,128,0,0,1,224,0,0,3,224,0,0,7,192,0,0,0,248,0,0,31,0,0,0,0,127,0,0,254,0,0,0,0,3 
1,224,7,248,0,0,0,0,7,255,255,224,0,0,0,0,0,127,254,0,0,0,0,0,0,0,0,0,0,0,0,0,0,0,0,0,0,0,0,0,0,0,0,0,0,0},   
{0,0,0,0,0,0,0,0,0,0,0,0,0,0,0,0,0,0,0,0,0,0,0,0,0,0,0,127,254,0,0,0,0,0,7,255,255,224,0,0,0,0,31,248,31,248,0,0,0,0,1 27,0,0,252,0,0,0,0,248,0,0,31,0,0,0,3,224,0,0,7,192,0,0,7,128,0,0,1,224,0,0,15,0,0,0,0,240,0,0,30,0,0,0,0,120,0,0,60,
54 
0,0,0,0,60,0,0,120,0,0,0,0,30,0,0,240,0,0,0,60,15,0,0,224,0,0,7,252,7,0,1,192,0,0,255,252,3,128,3,128,0,63,255,252, 1,192,3,128,0,255,255,252,1,192,7,0,0,255,255,252,0,224,7,0,0,255,255,252,0,224,14,0,0,255,255,252,0,112,14,0,0, 255,255,252,0,112,14,0,0,255,255,252,0,112,12,0,0,255,252,28,0,48,28,0,0,255,128,28,0,56,28,0,0,240,0,28,0,56,28 ,0,0,224,0,28,0,56,28,0,0,224,0,28,0,56,24,0,0,224,0,28,0,24,24,0,0,224,0,28,0,24,24,0,0,224,0,28,0,24,24,0,0,224,0, 28,0,24,24,0,0,224,0,28,0,24,24,0,0,224,0,28,0,24,28,0,0,224,0,124,0,56,28,0,0,224,7,252,0,56,28,0,0,224,31,252,0, 56,28,0,0,224,63,252,0,56,12,0,3,224,63,252,0,48,14,0,63,224,63,252,0,112,14,0,255,224,63,248,0,112,14,1,255,22 4,63,248,0,112,7,3,255,224,63,240,0,224,7,3,255,192,31,224,0,224,3,131,255,192,7,128,1,192,3,131,255,192,0,0,1, 192,1,193,255,128,0,0,3,128,0,224,255,0,0,0,7,0,0,240,124,0,0,0,15,0,0,120,0,0,0,0,30,0,0,60,0,0,0,0,60,0,0,30,0,0,0 ,0,120,0,0,15,0,0,0,0,240,0,0,7,128,0,0,1,224,0,0,3,224,0,0,7,192,0,0,0,248,0,0,31,0,0,0,0,127,0,0,254,0,0,0,0,31,224 
,7,248,0,0,0,0,7,255,255,224,0,0,0,0,0,127,254,0,0,0,0,0,0,0,0,0,0,0,0,0,0,0,0,0,0,0,0,0,0,0,0,0,0,0},   
{0,0,0,0,0,0,0,0,0,0,0,0,0,0,0,0,0,0,0,0,0,0,0,0,0,0,0,127,254,0,0,0,0,0,7,255,255,224,0,0,0,0,31,248,31,248,0,0,0,0,1 27,0,0,252,0,0,0,0,248,0,0,31,0,0,0,3,224,0,0,7,192,0,0,7,128,0,0,1,224,0,0,15,0,0,0,0,240,0,0,30,0,0,0,0,120,0,0,60, 0,0,0,0,60,0,0,120,0,0,0,0,30,0,0,240,0,0,0,0,15,0,0,224,0,0,0,248,7,0,1,192,0,0,63,252,3,128,3,128,0,7,255,252,1,19 2,3,128,0,127,255,252,1,192,7,0,0,255,255,252,0,224,7,0,0,255,255,252,0,224,14,0,0,255,255,252,0,112,14,0,0,255, 255,252,0,112,14,0,0,255,255,252,0,112,12,0,0,255,254,60,0,48,28,0,0,255,192,28,0,56,28,0,0,248,0,28,0,56,28,0,0, 224,0,28,0,56,28,0,0,224,0,28,0,56,24,0,0,224,0,28,0,24,24,0,0,224,0,28,0,24,24,0,0,224,0,28,0,24,24,0,0,224,0,28,0 ,24,24,0,0,224,0,28,0,24,24,0,0,224,0,28,0,24,28,0,0,224,0,252,0,56,28,0,0,224,15,252,0,56,28,0,0,224,31,252,0,56, 28,0,0,224,63,252,0,56,12,0,7,224,63,252,0,48,14,0,63,224,127,248,0,112,14,0,255,224,63,248,0,112,14,1,255,224, 63,240,0,112,7,1,255,224,63,224,0,224,7,1,255,192,31,192,0,224,3,129,255,192,2,0,1,192,3,129,255,192,0,0,1,192, 1,192,255,128,0,0,3,128,0,224,127,0,0,0,7,0,0,240,24,0,0,0,15,0,0,120,0,0,0,0,30,0,0,60,0,0,0,0,60,0,0,30,0,0,0,0,12 0,0,0,15,0,0,0,0,240,0,0,7,128,0,0,1,224,0,0,3,224,0,0,7,192,0,0,0,248,0,0,31,0,0,0,0,127,0,0,254,0,0,0,0,31,224,7,24 
8,0,0,0,0,7,255,255,224,0,0,0,0,0,127,254,0,0,0,0,0,0,0,0,0,0,0,0,0,0,0,0,0,0,0,0,0,0,0,0,0,0,0},   
{0,0,0,0,0,0,0,0,0,0,0,0,0,0,0,0,0,0,0,0,0,0,0,0,0,0,0,127,254,0,0,0,0,0,7,255,255,224,0,0,0,0,31,248,31,248,0,0,0,0,1 27,0,0,252,0,0,0,0,248,0,0,31,0,0,0,3,224,0,0,7,192,0,0,7,128,0,0,1,224,0,0,15,0,0,0,0,240,0,0,30,0,0,0,0,120,0,0,60, 0,0,0,0,60,0,0,120,0,0,0,0,30,0,0,240,0,0,0,0,15,0,0,224,0,0,0,56,7,0,1,192,0,0,7,248,3,128,3,128,0,0,255,248,1,192, 3,128,0,63,255,248,1,192,7,0,0,255,255,248,0,224,7,0,0,255,255,248,0,224,14,0,0,255,255,248,0,112,14,0,0,255,25 5,248,0,112,14,0,0,255,255,248,0,112,12,0,0,255,255,56,0,48,28,0,0,255,224,56,0,56,28,0,0,252,0,56,0,56,28,0,0,22 4,0,56,0,56,28,0,0,224,0,56,0,56,24,0,0,224,0,56,0,24,24,0,0,224,0,56,0,24,24,0,0,224,0,56,0,24,24,0,0,224,0,56,0,2 4,24,0,0,224,0,56,0,24,24,0,0,224,0,56,0,24,28,0,0,224,1,248,0,56,28,0,0,224,15,248,0,56,28,0,0,224,63,248,0,56,28 ,0,0,224,63,248,0,56,12,0,7,224,127,248,0,48,14,0,63,224,127,248,0,112,14,0,255,224,127,240,0,112,14,0,255,224, 63,240,0,112,7,1,255,224,31,224,0,224,7,1,255,192,15,128,0,224,3,129,255,192,0,0,1,192,3,128,255,128,0,0,1,192, 1,192,127,0,0,0,3,128,0,224,60,0,0,0,7,0,0,240,0,0,0,0,15,0,0,120,0,0,0,0,30,0,0,60,0,0,0,0,60,0,0,30,0,0,0,0,120,0,0, 15,0,0,0,0,240,0,0,7,128,0,0,1,224,0,0,3,224,0,0,7,192,0,0,0,248,0,0,31,0,0,0,0,127,0,0,254,0,0,0,0,31,224,7,248,0,0, 
0,0,7,255,255,224,0,0,0,0,0,127,254,0,0,0,0,0,0,0,0,0,0,0,0,0,0,0,0,0,0,0,0,0,0,0,0,0,0,0},   
{0,0,0,0,0,0,0,0,0,0,0,0,0,0,0,0,0,0,0,0,0,0,0,0,0,0,0,127,254,0,0,0,0,0,7,255,255,224,0,0,0,0,31,248,31,248,0,0,0,0,1 27,0,0,252,0,0,0,0,248,0,0,31,0,0,0,3,224,0,0,7,192,0,0,7,128,0,0,1,224,0,0,15,0,0,0,0,240,0,0,30,0,0,0,0,120,0,0,60, 0,0,0,0,60,0,0,120,0,0,0,0,30,0,0,240,0,0,0,0,15,0,0,224,0,0,0,0,7,0,1,192,0,0,3,248,3,,0,0,7,255,255,224,0,0,0,0,0,12 7,254,0,0,0,0,0,0,0,0,0,0,0,0,0,0,0,0,0,0,0,0,0,0,0,0,0,0,0},
55 
  
{0,0,0,0,0,0,0,0,0,0,0,0,0,0,0,0,0,0,0,0,0,0,0,0,0,0,0,127,254,0,0,0,0,0,7,255,255,224,0,0,0,0,31,248,31,248,0,0,0,0,1 27,0,0,252,0,0,0,0,248,0,0,31,0,0,0,3,224,0,0,7,192,0,0,7,128,0,0,1,224,0,0,15,0,0,0,0,240,0,0,30,0,0,0,0,120,0,0,60, 0,0,0,0,60,0,0,120,0,0,0,0,30,0,0,240,0,0,0,0,15,0,0,224,0,0,0,0,7,0,1,192,0,0,3,248,3,128,3,128,0,0,127,248,1,192,3, 128,0,31,255,248,1,192,7,0,0,127,255,248,0,224,7,0,0,255,255,248,0,224,14,0,0,255,255,248,0,112,14,0,0,255,255, 248,0,112,14,0,0,255,255,248,0,112,12,0,0,255,255,248,0,48,28,0,0,255,240,56,0,56,28,0,0,254,0,56,0,56,28,0,0,22 4,0,56,0,56,28,0,0,224,0,56,0,56,24,0,0,224,0,56,0,24,24,0,0,224,0,56,0,24,24,0,0,224,0,56,0,24,24,0,0,224,0,56,0,2 4,24,0,0,224,0,56,0,24,24,0,0,224,0,56,0,24,28,0,0,224,1,248,0,56,28,0,0,224,15,248,0,56,28,0,0,224,63,248,0,56,28 ,0,0,224,63,248,0,56,12,0,15,224,127,248,0,48,14,0,127,224,127,240,0,112,14,0,255,224,127,240,0,112,14,0,255,22 4,63,224,0,112,7,1,255,224,31,192,0,224,7,1,255,192,15,0,0,224,3,128,255,192,0,0,1,192,3,128,255,128,0,0,1,192,1 ,192,127,0,0,0,3,128,0,224,28,0,0,0,7,0,0,240,0,0,0,0,15,0,0,120,0,0,0,0,30,0,0,60,0,0,0,0,60,0,0,30,0,0,0,0,120,0,0,1 5,0,0,0,0,240,0,0,7,128,0,0,1,224,0,0,3,224,0,0,7,192,0,0,0,248,0,0,31,0,0,0,0,127,0,0,254,0,0,0,0,31,224,7,248,0,0,0 ,0,7,255,255,224,0,0,0,0,0,127,254,0,0,0,0,0,0,0,0,0,0,0,0,0,0,0,0,0,0,0,0,0,0,0,0,0,0,0}, 
  
{0,0,0,0,0,0,0,0,0,0,0,0,0,0,0,0,0,0,0,0,0,0,0,0,0,0,0,127,254,0,0,0,0,0,7,255,255,224,0,0,0,0,31,248,31,248,0,0,0,0,1 27,0,0,252,0,0,0,0,248,0,0,31,0,0,0,3,224,0,0,7,192,0,0,7,128,0,0,1,224,0,0,15,0,0,0,0,240,0,0,30,0,0,0,0,120,0,0,60, 0,0,0,0,60,0,0,120,0,0,0,0,30,0,0,240,0,0,0,0,15,0,0,224,0,0,0,0,7,0,1,192,0,0,3,248,3,128,3,128,0,0,127,248,1,192,3, 128,0,31,255,248,1,192,7,0,0,127,255,248,0,224,7,0,0,255,255,248,0,224,14,0,0,255,255,248,0,112,14,0,0,255,255, 248,0,112,14,0,0,255,255,248,0,112,12,0,0,255,255,248,0,48,28,0,0,255,240,56,0,56,28,0,0,254,0,56,0,56,28,0,0,22 4,0,56,0,56,28,0,0,224,0,56,0,56,24,0,0,224,0,56,0,24,24,0,0,224,0,56,0,24,24,0,0,224,0,56,0,24,24,0,0,224,0,56,0,2 4,24,0,0,224,0,56,0,24,24,0,0,224,0,56,0,24,28,0,0,224,1,248,0,56,28,0,0,224,15,248,0,56,28,0,0,224,63,248,0,56,28 ,0,0,224,63,248,0,56,12,0,15,224,127,248,0,48,14,0,127,224,127,240,0,112,14,0,255,224,127,240,0,112,14,0,255,22 4,63,224,0,112,7,1,255,224,31,192,0,224,7,1,255,192,15,0,0,224,3,128,255,192,0,0,1,192,3,128,255,128,0,0,1,192,1 ,192,127,0,0,0,3,128,0,224,28,0,0,0,7,0,0,240,0,0,0,0,15,0,0,120,0,0,0,0,30,0,0,60,0,0,0,0,60,0,0,30,0,0,0,0,120,0,0,1 5,0,0,0,0,240,0,0,7,128,0,0,1,224,0,0,3,224,0,0,7,192,0,0,0,248,0,0,31,0,0,0,0,127,0,0,254,0,0,0,0,31,224,7,248,0,0,0 ,0,7,255,255,224,0,0,0,0,0,127,254,0,0,0,0,0,0,0,0,0,0,0,0,0,0,0,0,0,0,0,0,0,0,0,0,0,0,0} 
}; 
void setup() 
{ 
 display.begin(SSD1306_SWITCHCAPVCC, SCREEN_I2C_ADDR); 
 pinMode(RF, INPUT); 
 pinMode(RLY, OUTPUT); 
 digitalWrite(RLY, LOW); 
 display.clearDisplay(); 
} 
int frame = 0; 
void loop() 
{ 
 if ( digitalRead(RF)==HIGH)  
{ 
 delay(2000); 
 digitalWrite(RLY, LOW);
56 
 delay(1000); 
 display.setTextSize(2); 
 display.setTextColor(WHITE); 
 display.setCursor(0,1); 
 display.println(" PUSH TO ON"); 
 display.display(); 
 delay(2000); 
 display.clearDisplay(); 
} 
 if ( digitalRead(RF)==LOW)  
{ 
 delay(1000); 
 digitalWrite(RLY, HIGH); 
 delay(1000); 
 display.clearDisplay(); 
 display.drawBitmap(32, 0, frames[frame], FRAME_WIDTH, FRAME_HEIGHT, 1);  display.display(); 
 frame = (frame + 1) % FRAME_COUNT; 
 delay(FRAME_DELAY); 
 display.clearDisplay(); 
} 
}
